14.02 0123 0123454646 987 1 3150
22.03 1234 01228003364 543 2 5000
05.06 2345 012255996634 890 1 2200
08.09 3456 09456232715 234 2 900
05.11 4567 03212645 678 3 4250
11.05 5678 0312311662 345 1 700
12.12 6789 090501423 901 2 2000
16.02 7890 02331654 876 2 5000
30.03 8901 03654564654 432 1 2500
01.04 9012 096873213 654 1 2000
16.02 7997 0954631123 654 2 2000
30.03 5421 0965686213 765 1 8000
01.04 1267 092315461 012 1 3000
09.06 1111 0987654321 077 20 70
05.03 142 0987654321 122 20 110
05.04 1235 0987654321 077 30 70
05.04 1236 0987654321 077 10 70
05.06 1237 0987654321 077 10 70
05.06 1238 0987654321 077 10 70
10.05 1324 0123456789 220 10 1200
12.05 1245 0123456789 045 10 400
