02.01 1597 0902611877 123 10 250
02.01 4562 0366546987 234 20 450
05.01 3254 0902611877 345 20 600
08.01 0201 0366546987 456 20 650
05.01 3025 0123265464 567 10 750
01.01 4701 01256778899 678 20 1750
02.01 6842 0123265464 789 30 3000
03.01 1379 01256778899 890 10 1100
03.01 6431 0365489654 901 10 1250
01.01 4916 0902645687 012 10 1500
02.01 6532 0365489654 987 10 1575
01.01 1245 0902645687 876 10 3000
03.01 6431 055131345 765 10 5000
01.01 4916 01223546547 654 10 1000
02.01 6532 055131345 543 10 1250
01.01 1245 01223546547 432 5 1500
09.06 1598 0123456789 045 15 200
05.06 1234 0123456789 123 20 100
05.05 1423 0123456789 20 20 400
09.05 1256 0123456789 222 20 600
10.05 1257 0987654321 220 20 600
